0  500
0  500
0  500
0  500
1  32
1  24
0  500
0  500
1  184
0  500
1  110
1  184
0  500
0  500
1  48
0  500
0  500
0  500
0  500
0  500
0  500
-1  30
-1  404
0  500
0  500
0  500
1  82
-1  52
-1  74
1  76
-1  239
0  500
1  91
0  500
1  195
1  69
0  500
-1  289
0  500
0  500
0  500
0  500
0  500
1  436
0  500
0  500
0  500
1  26
0  500
0  500
1  408
-1  333
-1  54
-1  113
-1  377
-1  135
0  500
0  500
1  78
-1  248
-1  98
1  312
0  500
1  107
-1  108
0  500
-1  103
0  500
0  500
-1  372
-1  301
1  67
-1  128
0  500
-1  245
-1  139
1  214
1  70
0  500
0  500
0  500
0  500
1  25
0  500
0  500
-1  363
-1  54
-1  360
-1  32
1  219
-1  92
0  500
0  500
-1  69
0  500
1  411
1  34
-1  65
1  188
1  50
0  500
-1  71
1  383
0  500
0  500
0  500
1  86
1  183
0  500
0  500
1  44
1  35
0  500
0  500
1  281
-1  158
1  38
1  68
0  500
-1  18
1  160
0  500
0  500
0  500
-1  37
1  175
1  416
1  138
0  500
0  500
-1  72
1  51
1  141
-1  38
0  500
0  500
-1  194
0  500
1  112
1  44
1  125
-1  61
1  452
0  500
0  500
-1  20
0  500
0  500
-1  48
-1  106
-1  22
0  500
1  64
1  66
-1  100
1  270
-1  118
-1  39
-1  212
1  56
0  500
-1  51
1  28
0  500
0  500
0  500
0  500
-1  134
0  500
0  500
-1  322
1  240
1  113
-1  108
1  240
0  500
1  243
0  500
0  500
0  500
-1  255
1  198
0  500
1  74
0  500
0  500
0  500
0  500
-1  184
0  500
0  500
1  367
0  500
1  271
1  217
0  500
0  500
0  500
1  348
1  148
0  500
0  500
1  100
0  500
1  359
0  500
0  500
1  126
0  500
0  500
0  500
0  500
0  500
0  500
-1  432
0  500
1  222
1  92
1  255
1  114
0  500
0  500
0  500
0  500
1  113
0  500
0  500
0  500
1  478
-1  108
0  500
0  500
0  500
1  79
0  500
0  500
0  500
-1  483
1  485
1  72
0  500
1  62
0  500
0  500
0  500
0  500
0  500
0  500
1  131
0  500
0  500
0  500
0  500
1  138
0  500
0  500
-1  55
0  500
0  500
0  500
1  205
0  500
0  500
0  500
0  500
0  500
0  500
-1  71
0  500
0  500
0  500
0  500
-1  34
1  52
0  500
0  500
1  104
0  500
0  500
1  161
0  500
0  500
0  500
-1  211
-1  87
0  500
1  51
0  500
0  500
-1  374
-1  160
0  500
1  275
0  500
1  188
0  500
0  500
1  268
0  500
1  167
0  500
0  500
-1  133
1  61
0  500
0  500
0  500
0  500
0  500
0  500
0  500
-1  347
-1  23
0  500
1  88
0  500
0  500
1  45
1  97
0  500
0  500
0  500
0  500
-1  19
0  500
0  500
0  500
1  60
1  100
1  49
0  500
1  361
0  500
0  500
0  500
-1  66
0  500
0  500
0  500
0  500
0  500
1  61
0  500
1  47
0  500
1  89
0  500
0  500
1  350
0  500
0  500
1  216
0  500
-1  93
1  241
1  97
0  500
1  49
0  500
0  500
1  436
1  44
0  500
0  500
1  195
0  500
-1  26
1  379
-1  149
0  500
0  500
0  500
0  500
1  43
0  500
1  42
0  500
0  500
0  500
1  60
0  500
0  500
0  500
0  500
0  500
0  500
0  500
1  20
1  102
0  500
0  500
1  333
1  64
0  500
0  500
1  331
1  232
-1  230
1  27
1  226
0  500
1  36
-1  19
1  213
0  500
1  99
-1  90
0  500
0  500
-1  94
1  235
1  59
0  500
1  163
0  500
0  500
1  72
0  500
1  108
0  500
0  500
1  121
1  455
0  500
0  500
0  500
1  38
1  160
1  171
1  94
0  500
0  500
1  124
0  500
1  229
1  69
1  165
1  118
1  305
1  134
-1  131
1  279
1  63
1  98
1  121
0  500
1  486
0  500
0  500
0  500
0  500
-1  162
1  140
1  102
1  486
1  56
1  54
1  33
1  210
1  64
-1  120
1  24
1  61
0  500
0  500
1  30
1  298
1  483
1  78
-1  123
1  242
0  500
0  500
1  18
1  69
0  500
-1  486
1  86
1  106
1  160
-1  87
1  43
1  181
1  54
1  23
-1  60
1  31
1  261
1  121
0  500
-1  66
1  74
1  89
1  49
-1  97
1  259
0  500
-1  104
1  255
1  285
