7
0
0
69
0
0
6
172
0
92
14
41
259
10
0
118
16
35
0
0
0
1
13
0
0
29
0
1
1
0
1
0
0
172
0
0
31
1
0
2
0
0
0
92
439
9
1
0
0
0
0
1
0
0
1
1
66
276
0
0
1
0
16
0
11
144
11
0
0
0
26
0
1
51
6
41
15
0
154
0
457
11
0
38
0
59
1
242
1
0
12
29
0
1
0
0
0
1
55
0
0
1
88
107
399
164
0
0
0
238
0
0
0
206
65
1
0
0
339
1
7
240
0
135
1
0
58
45
171
0
1
0
0
1
161
310
1
12
65
0
28
1
25
154
0
1
132
7
1
1
0
129
0
0
1
52
1
1
1
0
0
1
0
0
11
205
0
1
226
0
135
36
0
1
0
0
40
0
0
33
0
0
0
0
0
46
0
298
1
250
0
0
0
0
0
21
115
90
40
0
0
0
0
0
144
0
0
35
341
0
0
0
0
0
1
31
0
60
35
0
0
85
409
34
0
97
0
0
0
1
15
0
0
0
0
80
0
38
7
5
0
0
0
0
0
0
0
0
0
0
29
0
147
0
0
0
0
0
0
0
16
0
144
0
0
150
85
1
0
0
0
0
1
0
0
175
23
0
0
0
66
53
0
0
1
0
0
55
15
33
1
0
26
0
8
0
55
0
200
0
0
129
55
0
8
37
48
0
136
65
0
0
0
0
0
389
0
14
0
0
0
0
0
1
0
0
109
0
1
0
0
0
0
0
0
0
0
0
45
0
0
0
0
0
0
0
0
0
13
0
0
0
0
44
16
0
0
0
0
0
105
0
16
0
0
0
1
0
1
0
0
0
0
0
0
0
0
0
0
0
0
0
0
204
128
134
0
0
0
0
214
0
0
0
0
0
0
1
0
0
1
0
1
36
0
0
0
0
0
8
21
0
0
25
0
0
0
0
0
0
0
0
22
0
0
0
0
0
0
34
0
0
16
0
0
0
0
0
30
0
1
125
0
0
0
0
0
0
18
14
0
1
0
7
333
0
0
0
0
0
1
0
9
138
0
0
28
0
22
1
24
84
0
0
0
233
1
22
36
23
1
0
0
0
0
27
0
82
70
308
1
17
0
8
1
15
30
1
21
13
