-1.200684580420164
0.24619513010559035
-1.2301004867190182
-14.310535377400464
1.604096332916916
1.4313179535832656
-12.20052846731542
-34.77708055805927
2.1886055304279246
-24.52178191103699
-0.6254928449809958
-6.704186544974457
-50.50177587542438
-3.3898484969407168
1.5805003275653093
-23.227367906986185
-3.3043320379817938
-6.476936951527781
-4.136412460721088
-5.0909280489085145
-3.7116942371956543
-1.4511272868647878
-2.6093957690019467
-11.760877409082473
-9.908207647653807
-5.87263815068483
1.4381813990707866
-1.0822599822046017
-0.5158711242548863
1.7873851685356161
-0.7292754655902598
-2.4002275322597844
1.5709003108316373
-34.88238853041384
1.9185726523729965
1.6749204885143725
-6.1615870302963955
-1.2106672366356592
-1.259327928365693
-0.819673082259297
-1.6200154633584845
-1.8646218706133408
-2.0904068762190584
-16.110774553663468
-87.38845463497125
-3.2328039006085088
-0.4406044448072762
1.4926659525725798
0.5679622432435036
-0.49415303853275305
1.645165468156064
-2.475025095076362
-0.979030068707389
-1.730180804607873
-1.9332459525066752
-1.1776860298966734
-12.811871913264234
-54.68963380084005
1.8795366527156405
-1.1831156062718728
-1.2596176957117033
2.975437441777599
-3.9197638858676678
1.4834710315443362
-2.9110774432857536
-28.873965582470902
-2.8710066492859196
-1.095925997793659
0.5730249915891807
-1.5886060757951095
-5.696811624993284
1.5186669463471747
-2.4579431940047165
-10.527498288290921
-3.982559657562696
-8.375679391518734
-0.6718300514841571
1.567892629022037
-30.341943050278854
-0.8379948432687663
-91.04773866346326
-2.560960238139095
1.4162613160412088
-7.241589051164378
-1.7786765103326543
-13.029543175337569
-1.8666725316208026
-48.33445028202281
-0.9209032086933311
1.7755357876127023
-4.269156954280015
-4.6209831759325475
0.4146963071975003
-1.1859911767602485
-2.726978719468879
1.8224458933844898
1.5372563809890798
-0.23790845394740534
-8.29110169700452
1.7152484073278182
0.41013067231469813
-1.343961656156182
-16.14018181351264
-21.762637019087833
-79.78127939107848
-32.11349939661303
2.303931399297151
1.7429232449593863
-0.5715176643265621
-47.96255704108701
1.5515411892495579
1.5599207083292692
-0.0125556859516478
-41.304289026296665
-11.173704235198029
-1.70089656528808
1.4620543636649797
1.5242972592288029
-68.67128924725806
-1.3847839599925638
0.5731967083413839
-47.46149930814085
-5.462478315727938
-26.9191061504905
-1.6507661483353706
1.965670623121494
-9.914714374018235
-7.192776486110223
-35.245497511061686
0.30475552475256684
-1.6670994170081777
1.6891542255241823
2.868526020745908
-0.8426679508331896
-31.61323977573804
-62.31098188051784
-0.5894756871314679
-2.937435302243669
-11.057289336793428
1.552168651123414
-3.4946524818366393
-1.2763129433567315
-3.204233566797715
-31.06340410808955
-1.2248647269621857
-1.3659834741013586
-25.633729458527313
-0.8650357349671474
-0.5627090826305096
-1.8005022083632152
-1.308117586877123
-26.01971311591572
1.6940908486183455
1.7642161217039016
-2.2799889004638283
-8.390671458217268
-0.49644794629769107
-0.7119636855568732
-0.555761617691753
1.499293676199503
-0.16694851845298098
-0.2027007183340115
1.5895438687255687
0.28635262545228135
-2.8503448320568596
-41.751888529356336
-1.3596893265784185
-0.8094231959103275
-44.60615172189975
0.7058813824800253
-27.679976338236568
-4.8316695123343765
1.4343632279728178
-0.9719096208985893
1.9185105032386
0.06988921055353936
-6.133121821826622
0.41238319521124545
0.054563936723042716
-5.655817992703849
-0.09206631113505659
1.4338836652397564
-0.8376823393703108
1.4444610766127395
-0.30608677929677974
-12.771018564076282
-1.671390801725614
-59.04989157749955
-2.2006190173251614
-51.32154520018093
-0.4808261393100284
2.575032249807915
-0.1007885297774449
2.296883054527365
1.4284923014459918
-4.810123982129966
-23.350533750573028
-18.288088844350916
-6.533663250685942
1.5446520337663237
0.21666377162206785
-0.19742419402296707
1.783004905587472
-1.5511544100823909
-27.304400154062993
-1.0792406161708727
0.31785916409505155
-5.269416446766727
-67.74999056614992
-1.6700659507175524
-0.7256535710334417
-0.9962807737497879
-1.7347315116724824
-2.2933664048059237
-1.169673409264464
-9.039456681061734
2.262089241147903
-10.303187482259961
-4.689290655653837
2.411862771624538
0.45886697536397936
-16.51943236937229
-81.04352267942
-7.279865191037521
2.128315613747962
-18.66284945792284
-2.654792254038302
0.5074370012963692
1.863361715337142
-2.4316181743395298
-6.382902959516254
-1.6202548249792648
-1.7684285232896049
1.5786835338986922
-1.9362043108822418
-18.41099861363302
0.5111328995501254
-8.814267255433997
0.8635203630602177
1.1805890901624114
0.03637858561978491
1.9733993138412487
-0.8918081486629152
0.6815565041035556
0.33143917317983856
-0.3323365069138935
-0.6435164495126229
-0.4939938275703659
1.5892970808919211
1.1411255612537736
-4.590654444992243
-2.0784960127131233
-29.89792796726565
2.124492412115486
0.5996983375060609
0.028996685196886807
-1.4506130207494956
-0.19814332506795473
-1.8342941511989992
0.24565120386842043
-1.2481147701286304
0.3926465059965798
-29.2780870204628
-0.9002549847557404
-0.04044842962262596
-31.701472921596494
-17.2525860396203
-1.0810293773277946
0.7633173964274476
-0.392655997580198
0.5546708525750972
-2.610594940040526
-1.1048000888195608
1.5230996879552883
-1.4902036968213757
-34.508641501036514
-2.6455572260672904
-3.77017619208939
0.52692817203963
2.4207816066421532
-11.872992894739443
-10.197788702026891
0.004607048918158441
-1.0653710689825604
-1.1118668293005887
-1.4425376727430863
1.9054782580716734
-9.78974457554492
-5.627964589924826
-8.773717608184512
-0.8196109634957682
-0.7094185155998924
-2.6061098180753417
-2.247302692206437
1.1737203691768356
-0.4321199472602475
-11.334632992080655
1.679174179826831
-40.641617102664334
2.382839698555049
-0.5511097678047907
-26.348156475252296
-12.753394967440151
1.821634988164502
-3.0694381704630116
-9.37848279276455
-8.332920523557574
0.16929334199477208
-28.493316004989513
-12.838180146331856
-1.2360360978734808
-1.2451551305218402
-1.584553336094253
0.32747479580452454
2.0585055534932035
-77.45553544267159
-0.045381361800463926
-0.5896950774867571
1.9003642413453452
0.45432172424643325
-0.761194083090809
0.11208409353642024
0.2897236860428738
-1.5101874142319087
1.2127010743680384
0.5369803166607252
-23.283267559978075
1.6264749159090464
2.400181785147606
1.642830566214003
-0.13141299194979994
2.3027111970504643
-0.7620844729669647
-1.8200494799533151
-0.3249469575050261
-0.7734942408802805
0.2268159568869621
-0.9348775978157589
-8.888893836682369
-1.3054038742975163
-1.2180227257916811
1.5432720882277584
-0.2678891893320321
1.7570241211493474
0.4637870164662806
1.997121020406115
-1.4233922926942513
-0.028098010496898862
-0.30861582413205957
-0.4590665276285337
0.06253587891464152
1.5150679844574808
-1.749339926778833
-10.514549099197058
-0.5232847316284759
1.6192649431137376
-1.2210472520302977
1.7310805295038567
-2.1540137423506707
0.06701458855026943
-18.556108869180253
1.4912370010797276
-2.659917543879689
-1.0278407151988118
1.4536816455122712
-1.163008865591666
-0.5738514412773661
3.142062888586584
-1.2289277224865083
0.06799837660113095
-0.6542986760612876
-2.069471998876187
-0.22947103342117425
1.8279890788847808
-0.22761177677187883
1.7720136396083226
-2.1909780597301767
-10.988104562370324
-1.2825578792412071
1.8305252231341607
0.6636334603042433
-0.5666070288113012
-1.8638144890821546
-41.85384257278179
-25.379747592402566
-26.77525906559725
-0.11591043551499669
1.4505227410406092
2.170356666946714
-0.14232294010295732
-42.70904967364677
2.39556377963663
1.5421132110649798
0.35130310691397726
-0.45059310660075214
2.1135497348421666
1.8417841264123376
-1.5924855849944084
1.5258688776781457
1.4113394890215916
0.2841857082271863
1.6888974689588685
-1.52613261523367
-4.989908583905848
-2.3826047394575767
2.3195495846335232
-1.4274917189333345
-1.7960379197386223
-2.005707339368709
-1.9486049402594443
-2.082441546499269
1.715784287756603
-0.03729857073109022
-2.685562973642461
-1.1350465127883769
-0.6816418832577096
1.9878091449462538
-2.1063792494325497
1.7073103521630486
0.07998028851314842
-0.05206688498597889
2.1424747259893926
-1.7759126174615791
-12.480814631260474
-9.966162169906877
-3.9364662604719474
1.4207684316218547
2.4104805970591396
2.225244914174281
-5.00263069626307
-0.5472955752534341
-0.04450141643440597
-0.5905783055675471
0.3985960088935837
1.6288891497116005
1.514685152943599
1.4149783744016244
2.154220204368262
-3.7023728912571707
2.5437315396375166
-1.6592952610336529
-22.358531689994678
1.9729791958691028
1.731722214821154
2.7059363315350287
-1.4517535825892898
2.087825902255929
-6.0864280962801685
-4.88349877841635
-2.1796790884026596
-2.3521234770745276
-2.518450968782674
1.9937680882272053
1.099482751050534
-63.33314741851181
1.5423363344898018
1.446278766020306
1.878181567142172
1.7769645727719654
2.1424490510455456
-1.5140880242877426
1.6128443710210383
0.4468360069870482
-26.249515952296065
0.014434796608165268
1.5532307584273959
-3.1669360454070468
2.6019195140767657
-2.469866847012873
0.7166053569647706
-3.2950628307748047
-17.014851276117557
0.15802460431981347
1.4373738220632064
2.617394769033098
-47.00822560331813
-2.3380329629566434
-2.316195665245825
-5.156010791192648
-2.1267377904464095
-0.5814714585935727
1.458223397337456
2.5939303759485304
1.7222962473108845
1.5989067766556877
-5.508191815708431
1.5238279987061445
-14.141757557719684
-11.770954600560954
-60.983470443281675
-0.3297258374204529
-1.3149543783913682
1.675451109860915
0.5068167122295563
-0.5677940598729534
-1.2242991870739097
-5.741989921723242
-1.926419984241516
-1.5457769142752855
0.1130147579934031
